																								
0																								
1	"Tăng Phòng Thủ"	1
2	"Tăng né tránh"	1
3	"Tăng Phòng thủ cơ bản"	1
4	"Giảm sát thương"	1
5	"Tăng Sức mạnh"	1
6	"Tăng Nhanh nhẹn"	1
7	"Tăng Thể lực"	1
8	"Tăng Năng lượng"	1
9	"Tăng Mệnh lệnh"	1
10	"Tăng HP"	1
11	"Tăng Mana"	1
12	"Tăng AG"	1
13	"Tăng SD"	1
14	"Tăng ST Hoàn hảo"	1
15	"Tăng ST Chí mạng"	1
16	"Tăng Tốc độ"	1
17	"Tăng Tấn công kỹ năng"	1
18	"Tăng thủ nguyên tố"	1
19	"Tăng ST nguyên tố"	1
20	"Tăng né tránh nguyên tố"	1
21	"Tăng ST Rate nguyên tố"	1
22	"Tăng ST/Phép tối đa"	1
23	"Tăng ST/Phép tối thiểu"	1
24	"Tăng Tấn công/Phép"	1
25	"Tăng ST Nguyền rủa tối đa"	1
26	"Tăng ST Nguyền rủa tối thiểu"	1
27	"Tăng Nguyền Rủa"	1
28	"Tăng Toàn bộ điểm"	1																					
end																								
1																								
1	1	"Tăng Phòng Thủ"	1	18000	2	60000	3	100000	4	150000	5	170000	6	200000	7	150000	8	100000	9	50000	10	2000	1	
2	2	"Tăng tỉ lệ né đòn"	1	18000	2	60000	3	100000	4	150000	5	170000	6	200000	7	150000	8	100000	9	50000	10	2000	1	
3	3	"Tăng Phòng thủ cơ bản"	1	18000	2	60000	3	100000	4	150000	5	170000	6	200000	7	150000	8	100000	9	50000	10	2000	3	
4	4	"Giảm sát thương"	1	18000	2	60000	3	100000	4	150000	5	170000	6	200000	7	150000	8	100000	9	50000	10	2000	3	
5	5	"Tăng Sức mạnh"	1	18000	2	60000	3	100000	4	150000	5	170000	6	200000	7	150000	8	100000	9	50000	10	2000	0	
6	6	"Tăng Nhanh nhẹn"	1	18000	2	60000	3	100000	4	150000	5	170000	6	200000	7	150000	8	100000	9	50000	10	2000	0	
7	7	"Tăng Thể lực"	1	18000	2	60000	3	100000	4	150000	5	170000	6	200000	7	150000	8	100000	9	50000	10	2000	0	
8	8	"Tăng Năng lượng"	1	18000	2	60000	3	100000	4	150000	5	170000	6	200000	7	150000	8	100000	9	50000	10	2000	0	
9	9	"Tăng Mệnh lệnh"	1	18000	2	60000	3	100000	4	150000	5	170000	6	200000	7	150000	8	100000	9	50000	10	2000	0	
10	10	"Tăng HP"	1	18000	2	60000	3	100000	4	150000	5	170000	6	200000	7	150000	8	100000	9	50000	10	2000	2	
11	11	"Tăng Mana"	1	18000	2	60000	3	100000	4	150000	5	170000	6	200000	7	150000	8	100000	9	50000	10	2000	2	
12	12	"Tăng AG"	1	18000	2	60000	3	100000	4	150000	5	170000	6	200000	7	150000	8	100000	9	50000	10	2000	2	
13	13	"Tăng SD"	1	18000	2	60000	3	100000	4	150000	5	170000	6	200000	7	150000	8	100000	9	50000	10	2000	2	
14	14	"Tăng ST Hoàn hảo"	1	18000	2	60000	3	100000	4	150000	5	170000	6	200000	7	150000	8	100000	9	50000	10	2000	3	
15	15	"Tăng ST Chí mạng"	1	18000	2	60000	3	100000	4	150000	5	170000	6	200000	7	150000	8	100000	9	50000	10	2000	3	
16	16	"Tăng Tốc độ"	1	8000	2	330000	3	330000	4	330000	5	2000	-1	-1	-1	-1	-1	-1	-1	-1	-1	-1	4	
17	17	"Tăng Tấn công kỹ năng"	1	18000	2	60000	3	100000	4	150000	5	170000	6	200000	7	150000	8	100000	9	50000	10	2000	0	
18	18	"Tăng thủ nguyên tố"	1	18000	2	60000	3	100000	4	150000	5	170000	6	200000	7	150000	8	100000	9	50000	10	2000	0	
19	19	"Tăng ST nguyên tố"	1	18000	2	60000	3	100000	4	150000	5	170000	6	200000	7	150000	8	100000	9	50000	10	2000	0	
20	20	"Tăng né tránh nguyên tố"	1	18000	2	60000	3	100000	4	150000	5	170000	6	200000	7	150000	8	100000	9	50000	10	2000	1	
21	21	"Tăng ST Rate nguyên tố"	1	18000	2	60000	3	100000	4	150000	5	170000	6	200000	7	150000	8	100000	9	50000	10	2000	1	
22	22	"Tăng ST/HP tối đa"	1	18000	2	60000	3	100000	4	150000	5	170000	6	200000	7	150000	8	100000	9	50000	10	2000	0	
23	23	"Tăng ST/HP tối thiểu"	1	18000	2	60000	3	100000	4	150000	5	170000	6	200000	7	150000	8	100000	9	50000	10	2000	0	
24	24	"Tăng Tấn công/Phép"	1	18000	2	60000	3	100000	4	150000	5	170000	6	200000	7	150000	8	100000	9	50000	10	2000	0	
25	25	"Tăng ST Nguyền rủa tối đa"	1	18000	2	60000	3	100000	4	150000	5	170000	6	200000	7	150000	8	100000	9	50000	10	2000	0	
26	26	"Tăng ST Nguyền rủa tối thiểu"	1	18000	2	60000	3	100000	4	150000	5	170000	6	200000	7	150000	8	100000	9	50000	10	2000	0	
27	27	"Tăng Nguyền Rủa"	1	18000	2	60000	3	100000	4	150000	5	170000	6	200000	7	150000	8	100000	9	50000	10	2000	0	
28	28	"Tăng Toàn bộ điểm"	100	-1	-1	-1	-1	-1	-1	-1	-1	-1	-1	-1	-1	-1	-1	-1	-1	-1	-1	-1	-1	
29	22	"Tăng ST/HP tối đa"	1	18000	2	60000	3	100000	4	150000	5	170000	6	200000	7	150000	8	100000	9	50000	10	2000	5	
30	23	"Tăng ST/HP tối thiểu"	1	18000	2	60000	3	100000	4	150000	5	170000	6	200000	7	150000	8	100000	9	50000	10	2000	5	
31	24	"Tăng Tấn công/Phép"	1	18000	2	60000	3	100000	4	150000	5	170000	6	200000	7	150000	8	100000	9	50000	10	2000	5	
32	25	"Tăng Nguyền rủa tối đa"	1	18000	2	60000	3	100000	4	150000	5	170000	6	200000	7	150000	8	100000	9	50000	10	2000	5	
33	26	"Tăng Nguyền rủa tối thiểu"	1	18000	2	60000	3	100000	4	150000	5	170000	6	200000	7	150000	8	100000	9	50000	10	2000	5	
34	27	"Tăng Nguyền rủa"	1	18000	2	60000	3	100000	4	150000	5	170000	6	200000	7	150000	8	100000	9	50000	10	2000	5	
end																								
																								
																								
																								
																								
																								
																								
																								
																								
																								
																								
																								
																								
																								
																								
																								
																								
																								
																								
