//신규 가이드 및 스페셜 퀘스트 스크립트	획득	사냥	레벨 달성	퀘스트 완료	이동
//녹색과 옅은 노랑색은 기존 Quest 스크립트에 있던 내용, 주황색은 신규로 추가되는내용
//2줄이 1개의 퀘스트 세트이며 첫째줄은 퀘스트의 수락과 관련된 내용, 두번째줄은 진행과 완료, 보상에 관련된 내용으로 작성
//
//Quest Index	//Quest Name
11	"Move to Lorencia"
//TemplateType	QuestChapter	QuestCategory	QuestImportance	Quest Start Type	StartSub Type	Level Min	QuestRepeatCycle	PrecedenceQuest	QuestStartItemType	QuestStartItemIndex	QuestCheckGens	흑마법사	흑기사	요정	마검사	다크로드	소환술사	레이지파이터	그로우랜서	룬마법사	슬레이어	건크래셔	StartText	StartErrorText
0	1	1	1	3	-1	1	1	-1	-1	-1	-1	1	1	0	1	1	0	1	1	0	1	0	1	1	1	-1	-1
//TemplateType	Quest Type	QMainType	QSubType	Taget Number	Target MobMaxLv 	DropRate	GateNumber	MapNumber	CoordinateX	CoordinateY	RewardExp	RewardZen	RewardItemType01	RewardItemIndex01	ReItemCount01	RewardItemType02	RewardItemID02	ReItemCount02	RewardItemType03	RewardItemID03	ReItemCount03	Reward Type	Reward SubType	Reward Number	ProgressText	CompletetText
1	5	-1	-1	-1	-1	-1	17	0	167	129	100	25000	-1	-1	-1	-1	-1	-1	-1	-1	-1	-1	-1	-1	-1	-1
12	"Move to Noria"
0	1	1	1	3	-1	1	1	-1	-1	-1	-1	0	0	1	0	0	0	0	0	1	0	0	0	0	0	-1	-1
1	5	-1	-1	-1	-1	-1	27	3	168	86	100	25000	-1	-1	-1	-1	-1	-1	-1	-1	-1	-1	-1	-1	-1	-1
13	"Move to Elbeland"
0	1	1	1	3	-1	1	1	-1	-1	-1	-1	0	0	0	0	0	1	0	0	0	0	1	0	0	0	-1	-1
1	5	-1	-1	-1	-1	-1	267	51	72	218	100	25000	-1	-1	-1	-1	-1	-1	-1	-1	-1	-1	-1	-1	-1	-1
14	"Hunt Lorencia Spider"
0	1	1	2	3	-1	2	1	-1	-1	-1	-1	1	1	0	1	1	0	1	1	0	1	0	1	1	1	-1	-1
1	2	3	-1	3	-1	-1	17	0	193	126	1000	25000	14	373	1	-1	-1	-1	-1	-1	-1	-1	-1	-1	-1	-1
15	"Hunt Noria Spider"
0	1	1	2	3	-1	2	1	-1	-1	-1	-1	0	0	1	0	0	0	0	0	1	0	0	0	0	0	-1	-1
1	2	3	-1	3	-1	-1	27	3	164	80	1000	25000	14	373	1	-1	-1	-1	-1	-1	-1	-1	-1	-1	-1	-1
16	"Hunt Elbeland Spider"
0	1	1	2	3	-1	2	1	-1	-1	-1	-1	0	0	0	0	0	1	0	0	0	0	1	0	0	0	-1	-1
1	2	3	-1	3	-1	-1	267	51	118	222	1000	25000	14	373	1	-1	-1	-1	-1	-1	-1	-1	-1	-1	-1	-1
17	"Hunt Lorencia Bull Fighter"
0	1	1	2	3	-1	2	1	-1	-1	-1	-1	1	1	0	1	1	0	1	1	0	1	0	1	1	1	-1	-1
1	2	0	-1	5	-1	-1	17	0	179	55	2500	25000	-1	-1	-1	-1	-1	-1	-1	-1	-1	-1	-1	-1	-1	-1
18	"Hunt Noria Chain Scorpion"
0	1	1	2	3	-1	2	1	-1	-1	-1	-1	0	0	1	0	0	0	0	0	1	0	0	0	0	0	-1	-1
1	2	27	-1	5	-1	-1	27	3	136	79	2500	25000	-1	-1	-1	-1	-1	-1	-1	-1	-1	-1	-1	-1	-1	-1
19	"Hunt Elbeland Infected Butterfly"
0	1	1	2	3	-1	2	1	-1	-1	-1	-1	0	0	0	0	0	1	0	0	0	0	1	0	0	0	-1	-1
1	2	421	-1	5	-1	-1	267	51	132	212	2500	25000	-1	-1	-1	-1	-1	-1	-1	-1	-1	-1	-1	-1	-1	-1
20	"Hunt Lorencia Giant"
0	1	1	2	3	-1	2	1	-1	-1	-1	-1	1	1	0	1	1	0	1	1	0	1	0	1	1	1	-1	-1
1	2	7	-1	5	-1	-1	17	0	42	52	5000	25000	-1	-1	-1	-1	-1	-1	-1	-1	-1	-1	-1	-1	-1	-1
21	"Hunt Noria Beetle Monster"
0	1	1	2	3	-1	2	1	-1	-1	-1	-1	0	0	1	0	0	0	0	0	1	0	0	0	0	0	-1	-1
1	2	28	-1	5	-1	-1	27	3	102	83	5000	25000	-1	-1	-1	-1	-1	-1	-1	-1	-1	-1	-1	-1	-1	-1
22	"Hunt Elbeland Strange Rabbit"
0	1	1	2	3	-1	2	1	-1	-1	-1	-1	0	0	0	0	0	1	0	0	0	0	1	0	0	0	-1	-1
1	2	418	-1	5	-1	-1	267	51	126	192	5000	25000	-1	-1	-1	-1	-1	-1	-1	-1	-1	-1	-1	-1	-1	-1
23	"Move to Lorencia Equipment Merchant"
0	1	1	1	3	-1	5	1	-1	-1	-1	-1	1	1	0	1	1	0	1	1	0	1	0	1	1	1	-1	-1
1	5	-1	-1	-1	-1	-1	17	0	117	140	7500	25000	-1	-1	-1	-1	-1	-1	-1	-1	-1	-1	-1	-1	-1	-1
24	"Move to Noria Equipment Merchant"
0	1	1	1	3	-1	5	1	-1	-1	-1	-1	0	0	1	0	0	0	0	0	1	0	0	0	0	0	-1	-1
1	5	-1	-1	-1	-1	-1	27	3	173	126	7500	25000	-1	-1	-1	-1	-1	-1	-1	-1	-1	-1	-1	-1	-1	-1
25	"Move to Elbeland Equipment Merchant"
0	1	1	1	3	-1	5	1	-1	-1	-1	-1	0	0	0	0	0	1	0	0	0	0	1	0	0	0	-1	-1
1	5	-1	-1	-1	-1	-1	267	51	31	236	7500	25000	-1	-1	-1	-1	-1	-1	-1	-1	-1	-1	-1	-1	-1	-1
26	"Collect Lorencia Apple"
0	1	1	2	3	-1	5	1	-1	-1	-1	-1	1	1	0	1	1	0	1	1	0	1	0	1	1	1	-1	-1
1	1	14	0	5	0	0	17	0	193	126	10000	50000	14	373	1	-1	-1	-1	-1	-1	-1	-1	-1	-1	-1	-1
27	"Collect Noria Apple"
0	1	1	2	3	-1	5	1	-1	-1	-1	-1	0	0	1	0	0	0	0	0	1	0	0	0	0	0	-1	-1
1	1	14	0	5	0	0	27	3	164	80	10000	50000	14	373	1	-1	-1	-1	-1	-1	-1	-1	-1	-1	-1	-1
28	"Collect Elbeland Apple"
0	1	1	2	3	-1	5	1	-1	-1	-1	-1	0	0	0	0	0	1	0	0	0	0	1	0	0	0	-1	-1
1	1	14	0	5	0	0	267	51	118	222	10000	50000	14	373	1	-1	-1	-1	-1	-1	-1	-1	-1	-1	-1	-1
29	"Hunt Lorencia Bull Fighter Captain"
0	1	1	2	3	-1	5	1	-1	-1	-1	-1	1	1	0	1	1	0	1	1	0	1	0	1	1	1	-1	-1
1	2	4	-1	7	-1	-1	17	0	34	98	12500	50000	-1	-1	-1	-1	-1	-1	-1	-1	-1	-1	-1	-1	-1	-1
30	"Hunt Noria Hunter"
0	1	1	2	3	-1	5	1	-1	-1	-1	-1	0	0	1	0	0	0	0	0	1	0	0	0	0	0	-1	-1
1	2	29	-1	7	-1	-1	27	3	106	37	12500	50000	-1	-1	-1	-1	-1	-1	-1	-1	-1	-1	-1	-1	-1	-1
31	"Hunt Elbeland Strange Rabbit"
0	1	1	2	3	-1	5	1	-1	-1	-1	-1	0	0	0	0	0	1	0	0	0	0	1	0	0	0	-1	-1
1	2	418	-1	7	-1	-1	267	51	126	192	12500	50000	-1	-1	-1	-1	-1	-1	-1	-1	-1	-1	-1	-1	-1	-1
32	"Hunt Lorencia Hound"
0	1	1	2	3	-1	5	1	-1	-1	-1	-1	1	1	0	1	1	0	1	1	0	1	0	1	1	1	-1	-1
1	2	1	-1	7	-1	-1	17	0	63	195	15000	50000	-1	-1	-1	-1	-1	-1	-1	-1	-1	-1	-1	-1	-1	-1
33	"Hunt Noria Goblin Captain"
0	1	1	2	3	-1	5	1	-1	-1	-1	-1	0	0	1	0	0	0	0	0	1	0	0	0	0	0	-1	-1
1	2	33	-1	7	-1	-1	27	3	81	116	15000	50000	-1	-1	-1	-1	-1	-1	-1	-1	-1	-1	-1	-1	-1	-1
34	"Hunt Elbeland Hideous Rabbit"
0	1	1	2	3	-1	5	1	-1	-1	-1	-1	0	0	0	0	0	1	0	0	0	0	1	0	0	0	-1	-1
1	2	419	-1	7	-1	-1	267	51	142	144	15000	50000	-1	-1	-1	-1	-1	-1	-1	-1	-1	-1	-1	-1	-1	-1
35	"Hunt Lorencia Skeleton Warrior"
0	1	1	2	3	-1	5	1	-1	-1	-1	-1	1	1	0	1	1	0	1	1	0	1	0	1	1	1	-1	-1
1	2	14	-1	10	-1	-1	17	0	118	207	20000	50000	-1	-1	-1	-1	-1	-1	-1	-1	-1	-1	-1	-1	-1	-1
36	"Hunt Noria Forest Monster"
0	1	1	2	3	-1	5	1	-1	-1	-1	-1	0	0	1	0	0	0	0	0	1	0	0	0	0	0	-1	-1
1	2	30	-1	10	-1	-1	27	3	134	208	20000	50000	-1	-1	-1	-1	-1	-1	-1	-1	-1	-1	-1	-1	-1	-1
37	"Hunt Elbeland Hideous Rabbit"
0	1	1	2	3	-1	5	1	-1	-1	-1	-1	0	0	0	0	0	1	0	0	0	0	1	0	0	0	-1	-1
1	2	419	-1	10	-1	-1	267	51	142	144	20000	50000	-1	-1	-1	-1	-1	-1	-1	-1	-1	-1	-1	-1	-1	-1
38	"Hunt Lorencia Lich"
0	1	1	2	3	-1	5	1	-1	-1	-1	-1	1	1	0	1	1	0	1	1	0	1	0	1	1	1	-1	-1
1	2	6	-1	10	-1	-1	17	0	166	225	25000	50000	14	402	1	-1	-1	-1	-1	-1	-1	-1	-1	-1	-1	-1
39	"Hunt Noria Agon"
0	1	1	2	3	-1	5	1	-1	-1	-1	-1	0	0	1	0	0	0	0	0	1	0	0	0	0	0	-1	-1
1	2	31	-1	10	-1	-1	27	3	229	224	25000	50000	14	402	1	-1	-1	-1	-1	-1	-1	-1	-1	-1	-1	-1
40	"Hunt Elbeland Hideous Rabbit"
0	1	1	2	3	-1	5	1	-1	-1	-1	-1	0	0	0	0	0	1	0	0	0	0	1	0	0	0	-1	-1
1	2	419	-1	10	-1	-1	267	51	142	144	25000	50000	14	402	1	-1	-1	-1	-1	-1	-1	-1	-1	-1	-1	-1
41	"Move to Lorencia Skill Merchant"
0	1	1	1	3	-1	7	1	-1	-1	-1	-1	1	1	0	1	1	0	1	1	0	1	0	1	1	1	-1	-1
1	5	-1	-1	-1	-1	-1	17	0	119	113	100	100	-1	-1	-1	-1	-1	-1	-1	-1	-1	-1	-1	-1	-1	-1
42	"Move to Noria Skill Merchant"
0	1	1	1	3	-1	7	1	-1	-1	-1	-1	0	0	1	0	0	0	0	0	1	0	0	0	0	0	-1	-1
1	5	-1	-1	-1	-1	-1	27	3	173	126	100	100	-1	-1	-1	-1	-1	-1	-1	-1	-1	-1	-1	-1	-1	-1
43	"Move to Elbeland Skill Merchant"
0	1	1	1	3	-1	7	1	-1	-1	-1	-1	0	0	0	0	0	1	0	0	0	0	1	0	0	0	-1	-1
1	5	-1	-1	-1	-1	-1	267	51	36	218	100	100	-1	-1	-1	-1	-1	-1	-1	-1	-1	-1	-1	-1	-1	-1
44	"Move to Elbeland 2"
0	1	1	1	3	-1	7	1	-1	-1	-1	-1	1	1	1	1	1	1	1	1	1	1	1	1	1	1	-1	-1
1	5	-1	-1	-1	-1	-1	268	51	99	49	100	100	-1	-1	-1	-1	-1	-1	-1	-1	-1	-1	-1	-1	-1	-1
45	"Hunt Elbeland 2 Werewolf"
0	1	1	2	3	-1	10	1	-1	-1	-1	-1	1	1	1	1	1	1	1	1	1	1	1	1	1	1	-1	-1
1	2	420	-1	12	-1	-1	268	51	78	58	30000	100000	16	40	1	-1	-1	-1	-1	-1	-1	-1	-1	-1	-1	-1
46	"Hunt Elbeland 2 Lich"
0	1	1	2	3	-1	10	1	-1	-1	-1	-1	1	1	1	1	1	1	1	1	1	1	1	1	1	1	-1	-1
1	2	422	-1	12	-1	-1	268	51	78	58	35000	50000	14	373	1	-1	-1	-1	-1	-1	-1	-1	-1	-1	-1	-1
47	"Hunt Elbeland Totem Golem"
0	1	1	2	3	-1	13	1	-1	-1	-1	-1	1	1	1	1	1	1	1	1	1	1	1	1	1	1	-1	-1
1	2	423	-1	15	-1	-1	269	51	192	149	40000	50000	14	402	1	-1	-1	-1	-1	-1	-1	-1	-1	-1	-1	-1
48	"Hunt Elbeland Captain Grizzly"
0	1	1	2	3	-1	17	1	-1	-1	-1	-1	1	1	1	1	1	1	1	1	1	1	1	1	1	1	-1	-1
1	2	425	-1	15	-1	-1	269	51	215	43	45000	50000	14	373	1	-1	-1	-1	-1	-1	-1	-1	-1	-1	-1	-1
49	"Reach Lv. 20"
0	1	1	1	3	-1	17	1	-1	-1	-1	-1	1	1	1	1	1	1	1	1	1	1	1	1	1	1	-1	-1
1	3	20	-1	-1	-1	-1	268	51	78	58	10000	10000	-1	-1	-1	-1	-1	-1	-1	-1	-1	-1	-1	-1	-1	-1
50	"Move to Devias"
0	1	1	1	3	-1	20	1	-1	-1	-1	-1	1	1	1	1	1	1	1	1	1	1	1	1	1	1	-1	-1
1	5	-1	-1	-1	-1	-1	22	2	173	42	100	100	-1	-1	-1	-1	-1	-1	-1	-1	-1	-1	-1	-1	-1	-1
51	"Hunt Devias Worm"
0	1	1	2	3	-1	20	1	-1	-1	-1	-1	1	1	1	1	1	1	1	1	1	1	1	1	1	1	-1	-1
1	2	24	-1	15	-1	-1	22	2	217	87	50000	75000	14	373	1	-1	-1	-1	-1	-1	-1	-1	-1	-1	-1	-1
52	"Hunt Devias Hommerd 1"
0	1	1	2	3	-1	20	1	-1	-1	-1	-1	1	1	1	1	1	1	1	1	1	1	1	1	1	1	-1	-1
1	2	23	-1	5	-1	-1	22	2	208	118	55000	75000	14	373	1	-1	-1	-1	-1	-1	-1	-1	-1	-1	-1	-1
53	"Hunt Ice Monster"
0	1	1	2	3	-1	20	1	-1	-1	-1	-1	1	1	1	1	1	1	1	1	1	1	1	1	1	1	-1	-1
1	2	22	-1	5	-1	-1	22	2	166	116	60000	75000	14	373	1	-1	-1	-1	-1	-1	-1	-1	-1	-1	-1	-1
54	"Hunt Assassin"
0	1	1	2	3	-1	20	1	-1	-1	-1	-1	1	1	1	1	1	1	1	1	1	1	1	1	1	1	-1	-1
1	2	21	-1	15	-1	-1	22	2	122	27	65000	75000	14	373	1	-1	-1	-1	-1	-1	-1	-1	-1	-1	-1	-1
55	"Hunt Yeti"
0	1	1	2	3	-1	20	1	-1	-1	-1	-1	1	1	1	1	1	1	1	1	1	1	1	1	1	1	-1	-1
1	2	19	-1	15	-1	-1	72	2	114	71	70000	75000	14	373	1	-1	-1	-1	-1	-1	-1	-1	-1	-1	-1	-1
56	"Hunt Elite Yeti 1"
0	1	1	2	3	-1	25	1	-1	-1	-1	-1	1	1	1	1	1	1	1	1	1	1	1	1	1	1	-1	-1
1	2	20	-1	15	-1	-1	73	2	53	64	75000	75000	14	373	1	-1	-1	-1	-1	-1	-1	-1	-1	-1	-1	-1
57	"Hunt Yeti 2"
0	1	1	2	3	-1	25	1	-1	-1	-1	-1	1	1	1	1	1	1	1	1	1	1	1	1	1	1	-1	-1
1	2	19	-1	15	-1	-1	73	2	102	164	80000	75000	14	373	1	-1	-1	-1	-1	-1	-1	-1	-1	-1	-1	-1
58	"Hunt Hommerd 2"
0	1	1	2	3	-1	25	1	-1	-1	-1	-1	1	1	1	1	1	1	1	1	1	1	1	1	1	1	-1	-1
1	2	23	-1	15	-1	-1	73	2	47	209	85000	75000	14	402	1	-1	-1	-1	-1	-1	-1	-1	-1	-1	-1	-1
59	"Reach Lv. 30"
0	1	1	1	3	-1	25	1	-1	-1	-1	-1	1	1	1	1	1	1	1	1	1	1	1	1	1	1	-1	-1
1	3	30	-1	-1	-1	-1	73	2	47	209	15000	12000	-1	-1	-1	-1	-1	-1	-1	-1	-1	-1	-1	-1	-1	-1
60	"Move to Dungeon"
0	1	1	1	3	-1	30	1	-1	-1	-1	-1	1	1	1	1	1	1	1	1	1	1	1	1	1	1	-1	-1
1	5	-1	-1	-1	-1	-1	2	1	109	235	100	100	-1	-1	-1	-1	-1	-1	-1	-1	-1	-1	-1	-1	-1	-1
61	"Hunt Skeleton Warrior"
0	1	1	2	3	-1	30	1	-1	-1	-1	-1	1	1	1	1	1	1	1	1	1	1	1	1	1	1	-1	-1
1	2	14	-1	20	-1	-1	2	1	101	219	90000	100000	14	373	1	-1	-1	-1	-1	-1	-1	-1	-1	-1	-1	-1
62	"Hunt Larva"
0	1	1	2	3	-1	30	1	-1	-1	-1	-1	1	1	1	1	1	1	1	1	1	1	1	1	1	1	-1	-1
1	2	12	-1	20	-1	-1	2	1	84	190	95000	100000	14	373	1	-1	-1	-1	-1	-1	-1	-1	-1	-1	-1	-1
63	"Hunt Cyclops"
0	1	1	2	3	-1	35	1	-1	-1	-1	-1	1	1	1	1	1	1	1	1	1	1	1	1	1	1	-1	-1
1	2	17	-1	20	-1	-1	2	1	51	233	100000	100000	14	373	1	-1	-1	-1	-1	-1	-1	-1	-1	-1	-1	-1
64	"Hunt Ghost"
0	1	1	2	3	-1	35	1	-1	-1	-1	-1	1	1	1	1	1	1	1	1	1	1	1	1	1	1	-1	-1
1	2	11	-1	20	-1	-1	2	1	50	155	105000	100000	14	373	1	-1	-1	-1	-1	-1	-1	-1	-1	-1	-1	-1
65	"Reach Lv. 40"
0	1	1	1	3	-1	35	1	-1	-1	-1	-1	1	1	1	1	1	1	1	1	1	1	1	1	1	1	-1	-1
1	3	40	-1	-1	-1	-1	2	1	50	155	25000	20000	-1	-1	-1	-1	-1	-1	-1	-1	-1	-1	-1	-1	-1	-1
66	"Move to Dungeon 2nd Floor"
0	1	1	1	3	-1	40	1	-1	-1	-1	-1	1	1	1	1	1	1	1	1	1	1	1	1	1	1	-1	-1
1	5	-1	-1	-1	-1	-1	6	1	231	115	100	100	-1	-1	-1	-1	-1	-1	-1	-1	-1	-1	-1	-1	-1	-1
67	"Hunt Hellhound"
0	1	1	2	3	-1	40	1	-1	-1	-1	-1	1	1	1	1	1	1	1	1	1	1	1	1	1	1	-1	-1
1	2	5	-1	20	-1	-1	6	1	175	119	110000	100000	14	373	1	-1	-1	-1	-1	-1	-1	-1	-1	-1	-1	-1
68	"Hunt Skeleton Archer"
0	1	1	2	3	-1	40	1	-1	-1	-1	-1	1	1	1	1	1	1	1	1	1	1	1	1	1	1	-1	-1
1	2	15	-1	20	-1	-1	6	1	131	118	115000	100000	14	373	1	-1	-1	-1	-1	-1	-1	-1	-1	-1	-1	-1
69	"Hunt Hell Spider"
0	1	1	2	3	-1	40	1	-1	-1	-1	-1	1	1	1	1	1	1	1	1	1	1	1	1	1	1	-1	-1
1	2	13	-1	20	-1	-1	6	1	116	75	120000	100000	14	373	1	-1	-1	-1	-1	-1	-1	-1	-1	-1	-1	-1
70	"Hunt Skeleton Warrior Captain"
0	1	1	2	3	-1	43	1	-1	-1	-1	-1	1	1	1	1	1	1	1	1	1	1	1	1	1	1	-1	-1
1	2	16	-1	20	-1	-1	6	1	225	89	125000	100000	14	373	1	-1	-1	-1	-1	-1	-1	-1	-1	-1	-1	-1
71	"Hunt Thunder Lich"
0	1	1	2	3	-1	43	1	-1	-1	-1	-1	1	1	1	1	1	1	1	1	1	1	1	1	1	1	-1	-1
1	2	9	-1	20	-1	-1	6	1	235	15	130000	100000	14	373	1	-1	-1	-1	-1	-1	-1	-1	-1	-1	-1	-1
72	"Hunt Poison Bull Fighter"
0	1	1	2	3	-1	45	1	-1	-1	-1	-1	1	1	1	1	1	1	1	1	1	1	1	1	1	1	-1	-1
1	2	8	-1	20	-1	-1	6	1	117	31	145000	100000	14	373	1	-1	-1	-1	-1	-1	-1	-1	-1	-1	-1	-1
73	"Hunt Dark Knight"
0	1	1	2	3	-1	45	1	-1	-1	-1	-1	1	1	1	1	1	1	1	1	1	1	1	1	1	1	-1	-1
1	2	10	-1	20	-1	-1	14	1	30	116	150000	100000	14	402	1	-1	-1	-1	-1	-1	-1	-1	-1	-1	-1	-1
74	"Reach Lv. 50"
0	1	1	1	3	-1	45	1	-1	-1	-1	-1	1	1	1	1	1	1	1	1	1	1	1	1	1	1	-1	-1
1	3	50	-1	-1	-1	-1	14	1	30	116	150000	100000	14	87	1	-1	-1	-1	-1	-1	-1	-1	-1	-1	-1	-1
75	"Go to Gens Duprian"
0	1	1	1	3	-1	50	1	-1	-1	-1	-1	1	1	1	1	1	1	1	1	1	1	1	1	1	1	-1	-1
1	5	-1	-1	-1	-1	-1	17	0	144	126	100	100	-1	-1	-1	-1	-1	-1	-1	-1	-1	-1	-1	-1	-1	-1
76	"Go to Gens Vanert"
0	1	1	1	3	-1	50	1	-1	-1	-1	-1	1	1	1	1	1	1	1	1	1	1	1	1	1	1	-1	-1
1	5	-1	-1	-1	-1	-1	27	3	168	100	100	100	-1	-1	-1	-1	-1	-1	-1	-1	-1	-1	-1	-1	-1	-1
77	"Move to Lost Tower"
0	2	1	1	3	-1	50	1	-1	-1	-1	-1	1	1	1	1	1	1	1	1	1	1	1	1	1	1	-1	-1
1	5	-1	-1	-1	-1	-1	29	4	211	96	100	100	-1	-1	-1	-1	-1	-1	-1	-1	-1	-1	-1	-1	-1	-1
78	"Hunt Shadow"
0	2	1	2	3	-1	50	1	-1	-1	-1	-1	1	1	1	1	1	1	1	1	1	1	1	1	1	1	-1	-1
1	2	36	-1	20	-1	-1	29	4	211	96	160000	100000	14	373	1	-1	-1	-1	-1	-1	-1	-1	-1	-1	-1	-1
79	"Hunt Poison Shadow"
0	2	1	2	3	-1	50	1	-1	-1	-1	-1	1	1	1	1	1	1	1	1	1	1	1	1	1	1	-1	-1
1	2	39	-1	20	-1	-1	29	4	201	35	170000	100000	14	373	1	-1	-1	-1	-1	-1	-1	-1	-1	-1	-1	-1
80	"Hunt Cursed Mage"
0	2	1	2	3	-1	53	1	-1	-1	-1	-1	1	1	1	1	1	1	1	1	1	1	1	1	1	1	-1	-1
1	2	34	-1	20	-1	-1	31	4	212	245	180000	100000	14	373	1	-1	-1	-1	-1	-1	-1	-1	-1	-1	-1	-1
81	"Hunt Death Cow"
0	2	1	2	3	-1	53	1	-1	-1	-1	-1	1	1	1	1	1	1	1	1	1	1	1	1	1	1	-1	-1
1	2	41	-1	20	-1	-1	33	4	118	230	190000	100000	14	373	1	-1	-1	-1	-1	-1	-1	-1	-1	-1	-1	-1
82	"Hunt Devil"
0	2	1	2	3	-1	55	1	-1	-1	-1	-1	1	1	1	1	1	1	1	1	1	1	1	1	1	1	-1	-1
1	2	37	-1	20	-1	-1	35	4	107	106	200000	100000	14	373	1	-1	-1	-1	-1	-1	-1	-1	-1	-1	-1	-1
83	"Hunt Death Knight"
0	2	1	2	3	-1	55	1	-1	-1	-1	-1	1	1	1	1	1	1	1	1	1	1	1	1	1	1	-1	-1
1	2	40	-1	20	-1	-1	37	4	115	28	210000	100000	14	402	1	-1	-1	-1	-1	-1	-1	-1	-1	-1	-1	-1
84	"Reach Lv. 60"
0	2	1	1	3	-1	55	1	-1	-1	-1	-1	1	1	1	1	1	1	1	1	1	1	1	1	1	1	-1	-1
1	3	60	-1	-1	-1	-1	37	4	115	25	210000	100000	-1	-1	-1	-1	-1	-1	-1	-1	-1	-1	-1	-1	-1	-1
85	"Move to Atlans"
0	2	1	1	3	-1	60	1	-1	-1	-1	-1	1	1	1	1	1	1	1	1	1	1	1	1	1	1	-1	-1
1	5	-1	-1	-1	-1	-1	49	7	23	44	100	100	-1	-1	-1	-1	-1	-1	-1	-1	-1	-1	-1	-1	-1	-1
86	"Hunt Bahamut"
0	2	1	2	3	-1	60	1	-1	-1	-1	-1	1	1	1	1	1	1	1	1	1	1	1	1	1	1	-1	-1
1	2	45	-1	30	-1	-1	49	7	23	44	220000	150000	14	373	1	-1	-1	-1	-1	-1	-1	-1	-1	-1	-1	-1
87	"Hunt Vepar"
0	2	1	2	3	-1	60	1	-1	-1	-1	-1	1	1	1	1	1	1	1	1	1	1	1	1	1	1	-1	-1
1	2	46	-1	30	-1	-1	49	7	33	70	240000	150000	14	373	1	-1	-1	-1	-1	-1	-1	-1	-1	-1	-1	-1
88	"Hunt Valkyrie"
0	2	1	2	3	-1	65	1	-1	-1	-1	-1	1	1	1	1	1	1	1	1	1	1	1	1	1	1	-1	-1
1	2	47	-1	10	-1	-1	49	7	32	112	260000	150000	14	373	1	-1	-1	-1	-1	-1	-1	-1	-1	-1	-1	-1
89	"Reach Lv. 70"
0	2	1	1	3	-1	65	1	-1	-1	-1	-1	1	1	1	1	1	1	1	1	1	1	1	1	1	1	-1	-1
1	3	70	-1	-1	-1	-1	49	7	33	70	260000	150000	-1	-1	-1	-1	-1	-1	-1	-1	-1	-1	-1	-1	-1	-1
90	"Atlans Field Recommendations 1"
0	2	1	2	3	-1	70	1	-1	-1	-1	-1	1	1	1	1	1	1	1	1	1	1	1	1	1	1	-1	-1
1	2	46	-1	50	-1	-1	49	7	33	70	280000	150000	14	372	1	-1	-1	-1	-1	-1	-1	-1	-1	-1	-1	-1
91	"Reach Lv. 80"
0	2	1	1	3	-1	70	1	-1	-1	-1	-1	1	1	1	1	1	1	1	1	1	1	1	1	1	1	-1	-1
1	3	80	-1	-1	-1	-1	49	7	33	70	300000	150000	-1	-1	-1	-1	-1	-1	-1	-1	-1	-1	-1	-1	-1	-1
92	"Move to Atlans 2"
0	2	1	1	3	-1	80	1	-1	-1	-1	-1	1	1	1	1	1	1	1	1	1	1	1	1	1	1	-1	-1
1	5	-1	-1	-1	-1	-1	75	7	236	35	100	100	-1	-1	-1	-1	-1	-1	-1	-1	-1	-1	-1	-1	-1	-1
93	"Hunt Great Bahamut"
0	2	1	2	3	-1	80	1	-1	-1	-1	-1	1	1	1	1	1	1	1	1	1	1	1	1	1	1	-1	-1
1	2	51	-1	30	-1	-1	75	7	236	35	320000	200000	14	373	1	-1	-1	-1	-1	-1	-1	-1	-1	-1	-1	-1
94	"Hunt Silver Valkyrie"
0	2	1	2	3	-1	80	1	-1	-1	-1	-1	1	1	1	1	1	1	1	1	1	1	1	1	1	1	-1	-1
1	2	52	-1	30	-1	-1	75	7	78	145	340000	200000	14	373	1	-1	-1	-1	-1	-1	-1	-1	-1	-1	-1	-1
95	"Hunt Lizard King"
0	2	1	2	3	-1	80	1	-1	-1	-1	-1	1	1	1	1	1	1	1	1	1	1	1	1	1	1	-1	-1
1	2	48	-1	30	-1	-1	75	7	162	154	360000	200000	14	373	1	-1	-1	-1	-1	-1	-1	-1	-1	-1	-1	-1
96	"Hunt Death Gorgon"
0	2	1	2	3	-1	85	1	-1	-1	-1	-1	1	1	1	1	1	1	1	1	1	1	1	1	1	1	-1	-1
1	2	35	-1	30	-1	-1	39	4	30	33	380000	200000	14	402	1	-1	-1	-1	-1	-1	-1	-1	-1	-1	-1	-1
97	"Reach Lv. 90"
0	2	1	1	3	-1	85	1	-1	-1	-1	-1	1	1	1	1	1	1	1	1	1	1	1	1	1	1	-1	-1
1	3	90	-1	-1	-1	-1	75	7	236	35	380000	200000	-1	-1	-1	-1	-1	-1	-1	-1	-1	-1	-1	-1	-1	-1
98	"Atlans Field Recommendations 2"
0	2	1	2	3	-1	90	1	-1	-1	-1	-1	1	1	1	1	1	1	1	1	1	1	1	1	1	1	-1	-1
1	2	51	-1	50	-1	-1	75	7	236	35	400000	250000	14	372	1	-1	-1	-1	-1	-1	-1	-1	-1	-1	-1	-1
99	"Reach Lv. 100"
0	2	1	1	3	-1	90	1	-1	-1	-1	-1	1	1	1	1	1	1	1	1	1	1	1	1	1	1	-1	-1
1	3	100	-1	-1	-1	-1	75	7	236	35	400000	300000	-1	-1	-1	-1	-1	-1	-1	-1	-1	-1	-1	-1	-1	-1
100	"Move to Elbeland Shadow Phantom"
0	2	1	1	3	-1	100	1	-1	-1	-1	-1	1	1	1	1	1	1	1	1	1	1	1	1	1	1	-1	-1
1	5	-1	-1	-1	-1	-1	267	51	57	231	100	100	-1	-1	-1	-1	-1	-1	-1	-1	-1	-1	-1	-1	-1	-1
101	"Atlans Field Recommendations 3"
0	2	1	2	3	-1	100	1	-1	-1	-1	-1	1	1	1	1	1	1	1	1	1	1	1	1	1	1	-1	-1
1	2	51	-1	100	-1	-1	75	7	236	35	500000	350000	14	372	1	-1	-1	-1	-1	-1	-1	-1	-1	-1	-1	-1
102	"Reach Lv. 110"
0	2	1	1	3	-1	101	1	-1	-1	-1	-1	1	1	1	1	1	1	1	1	1	1	1	1	1	1	-1	-1
1	3	110	-1	-1	-1	-1	75	7	236	35	500000	400000	-1	-1	-1	-1	-1	-1	-1	-1	-1	-1	-1	-1	-1	-1
103	"Atlans Field Recommendations 4"
0	2	1	2	3	-1	110	1	-1	-1	-1	-1	1	1	1	1	1	1	1	1	1	1	1	1	1	1	-1	-1
1	2	51	-1	100	-1	-1	75	7	236	35	500000	450000	14	372	1	-1	-1	-1	-1	-1	-1	-1	-1	-1	-1	-1
104	"Reach Lv. 120"
0	2	1	1	3	-1	110	1	-1	-1	-1	-1	1	1	1	1	1	1	1	1	1	1	1	1	1	1	-1	-1
1	3	120	-1	-1	-1	-1	75	7	236	35	500000	500000	-1	-1	-1	-1	-1	-1	-1	-1	-1	-1	-1	-1	-1	-1
105	"Atlans Field Recommendations 5"
0	2	1	2	3	-1	120	1	-1	-1	-1	-1	1	1	1	1	1	1	1	1	1	1	1	1	1	1	-1	-1
1	2	51	-1	100	-1	-1	75	7	236	35	500000	550000	14	372	1	-1	-1	-1	-1	-1	-1	-1	-1	-1	-1	-1
106	"Reach Lv. 130"
0	2	1	1	3	-1	120	1	-1	-1	-1	-1	1	1	1	1	1	1	1	1	1	1	1	1	1	1	-1	-1
1	3	130	-1	-1	-1	-1	75	7	236	35	500000	600000	-1	-1	-1	-1	-1	-1	-1	-1	-1	-1	-1	-1	-1	-1
107	"Atlans Field Recommendations 6"
0	2	1	2	3	-1	130	1	-1	-1	-1	-1	1	1	1	1	1	1	1	1	1	1	1	1	1	1	-1	-1
1	2	51	-1	100	-1	-1	75	7	236	35	500000	650000	14	372	1	-1	-1	-1	-1	-1	-1	-1	-1	-1	-1	-1
108	"Reach Lv. 140"
0	2	1	1	3	-1	130	1	-1	-1	-1	-1	1	1	1	1	1	1	1	1	1	1	1	1	1	1	-1	-1
1	3	140	-1	-1	-1	-1	75	7	236	35	500000	700000	-1	-1	-1	-1	-1	-1	-1	-1	-1	-1	-1	-1	-1	-1
109	"Move to Tarkan"
0	2	1	1	3	-1	140	1	-1	-1	-1	-1	1	1	1	1	1	1	1	1	1	1	1	1	1	1	-1	-1
1	5	-1	-1	-1	-1	-1	57	8	179	111	100	100	-1	-1	-1	-1	-1	-1	-1	-1	-1	-1	-1	-1	-1	-1
110	"Hunt Mutant"
0	2	1	2	3	-1	140	1	-1	-1	-1	-1	1	1	1	1	1	1	1	1	1	1	1	1	1	1	-1	-1
1	2	62	-1	30	-1	-1	57	8	179	111	600000	700000	14	372	1	-1	-1	-1	-1	-1	-1	-1	-1	-1	-1	-1
111	"Hunt Bloody Wolf"
0	2	1	2	3	-1	140	1	-1	-1	-1	-1	1	1	1	1	1	1	1	1	1	1	1	1	1	1	-1	-1
1	2	60	-1	30	-1	-1	57	8	133	93	700000	700000	14	372	1	-1	-1	-1	-1	-1	-1	-1	-1	-1	-1	-1
112	"Hunt Iron Wheel"
0	2	1	2	3	-1	143	1	-1	-1	-1	-1	1	1	1	1	1	1	1	1	1	1	1	1	1	1	-1	-1
1	2	57	-1	30	-1	-1	57	8	60	83	800000	700000	14	372	1	-1	-1	-1	-1	-1	-1	-1	-1	-1	-1	-1
113	"Hunt Tantalos"
0	2	1	2	3	-1	143	1	-1	-1	-1	-1	1	1	1	1	1	1	1	1	1	1	1	1	1	1	-1	-1
1	2	58	-1	30	-1	-1	57	8	30	112	900000	700000	14	402	1	-1	-1	-1	-1	-1	-1	-1	-1	-1	-1	-1
114	"Move to Tarkan"
0	2	1	1	3	-1	100	1	-1	-1	-1	-1	1	1	1	1	1	1	1	1	1	1	1	1	1	1	-1	-1
1	5	-1	-1	-1	-1	-1	77	8	98	145	100	100	-1	-1	-1	-1	-1	-1	-1	-1	-1	-1	-1	-1	-1	-1
115	"Hunt Beam Knight"
0	2	1	2	3	-1	145	1	-1	-1	-1	-1	1	1	1	1	1	1	1	1	1	1	1	1	1	1	-1	-1
1	2	61	-1	30	-1	-1	77	8	93	188	1000000	700000	14	372	1	-1	-1	-1	-1	-1	-1	-1	-1	-1	-1	-1
116	"Hunt Death Beam Knight"
0	2	1	2	3	-1	145	1	-1	-1	-1	-1	1	1	1	1	1	1	1	1	1	1	1	1	1	1	-1	-1
1	2	63	-1	2	-1	-1	77	8	112	203	1100000	700000	14	372	1	-1	-1	-1	-1	-1	-1	-1	-1	-1	-1	-1
117	"Tarkan Field Recommendations"
0	2	1	2	3	-1	145	1	-1	-1	-1	-1	1	1	1	1	1	1	1	1	1	1	1	1	1	1	-1	-1
1	2	62	-1	100	-1	-1	57	8	179	111	1500000	3000000	14	402	1	-1	-1	-1	-1	-1	-1	-1	-1	-1	-1	-1
118	"Reach Lv. 150"
0	2	1	1	3	-1	145	1	-1	-1	-1	-1	1	1	1	1	1	1	1	1	1	1	1	1	1	1	-1	-1
1	3	150	-1	-1	-1	-1	57	8	179	111	1500000	3000000	-1	-1	-1	-1	-1	-1	-1	-1	-1	-1	-1	-1	-1	-1
119	"1st Class Upgrade Quest Completed"
0	2	1	1	3	-1	150	1	-1	-1	-1	-1	1	1	1	0	0	1	0	0	1	1	1	1	1	1	-1	-1
1	4	1	-1	-1	-1	-1	22	2	185	30	2000000	1000000	-1	-1	-1	-1	-1	-1	-1	-1	-1	-1	-1	-1	-1	-1
120	"Move to Aida"
0	3	1	1	3	-1	150	1	-1	-1	-1	-1	1	1	1	1	1	1	1	1	1	1	1	1	1	1	-1	-1
1	5	-1	-1	-1	-1	-1	119	33	97	10	100	100	-1	-1	-1	-1	-1	-1	-1	-1	-1	-1	-1	-1	-1	-1
121	"Hunt Death Tree"
0	3	1	2	3	-1	150	1	-1	-1	-1	-1	1	1	1	1	1	1	1	1	1	1	1	1	1	1	-1	-1
1	2	308	-1	50	-1	-1	119	33	140	21	1200000	1000000	14	372	1	-1	-1	-1	-1	-1	-1	-1	-1	-1	-1	-1
122	"Hunt Forest Orc"
0	3	1	2	3	-1	150	1	-1	-1	-1	-1	1	1	1	1	1	1	1	1	1	1	1	1	1	1	-1	-1
1	2	307	-1	50	-1	-1	119	33	165	16	1300000	1000000	14	372	1	-1	-1	-1	-1	-1	-1	-1	-1	-1	-1	-1
123	"Hunt Death Rider"
0	3	1	2	3	-1	153	1	-1	-1	-1	-1	1	1	1	1	1	1	1	1	1	1	1	1	1	1	-1	-1
1	2	306	-1	50	-1	-1	119	33	212	60	1400000	1000000	14	372	1	-1	-1	-1	-1	-1	-1	-1	-1	-1	-1	-1
124	"Hunt Blue Golem"
0	3	1	2	3	-1	153	1	-1	-1	-1	-1	1	1	1	1	1	1	1	1	1	1	1	1	1	1	-1	-1
1	2	305	-1	50	-1	-1	119	33	230	144	1500000	1000000	14	372	1	-1	-1	-1	-1	-1	-1	-1	-1	-1	-1	-1
125	"Aida Field Recommendations"
0	3	1	2	3	-1	153	1	-1	-1	-1	-1	1	1	1	1	1	1	1	1	1	1	1	1	1	1	-1	-1
1	2	308	-1	100	-1	-1	119	33	140	21	2000000	1000000	14	402	1	-1	-1	-1	-1	-1	-1	-1	-1	-1	-1	-1
126	"Reach Lv. 160"
0	3	1	1	3	-1	155	1	-1	-1	-1	-1	1	1	1	1	1	1	1	1	1	1	1	1	1	1	-1	-1
1	3	160	-1	-1	-1	-1	119	33	140	21	2000000	1000000	-1	-1	-1	-1	-1	-1	-1	-1	-1	-1	-1	-1	-1	-1
127	"Move to Kanturu Ruins 1"
0	3	1	1	3	-1	160	1	-1	-1	-1	-1	1	1	1	1	1	1	1	1	1	1	1	1	1	1	-1	-1
1	5	-1	-1	-1	-1	-1	138	37	42	217	100	100	-1	-1	-1	-1	-1	-1	-1	-1	-1	-1	-1	-1	-1	-1
128	"Hunt Splinter Wolf"
0	3	1	2	3	-1	160	1	-1	-1	-1	-1	1	1	1	1	1	1	1	1	1	1	1	1	1	1	-1	-1
1	2	351	-1	50	-1	-1	138	37	51	231	1600000	1000000	14	372	1	-1	-1	-1	-1	-1	-1	-1	-1	-1	-1	-1
129	"Hunt Iron Rider"
0	3	1	2	3	-1	160	1	-1	-1	-1	-1	1	1	1	1	1	1	1	1	1	1	1	1	1	1	-1	-1
1	2	352	-1	50	-1	-1	138	37	197	194	1700000	1000000	14	372	1	-1	-1	-1	-1	-1	-1	-1	-1	-1	-1	-1
130	"Hunt Satyros"
0	3	1	2	3	-1	160	1	-1	-1	-1	-1	1	1	1	1	1	1	1	1	1	1	1	1	1	1	-1	-1
1	2	353	-1	50	-1	-1	138	37	230	85	1800000	1000000	14	372	1	-1	-1	-1	-1	-1	-1	-1	-1	-1	-1	-1
131	"Move to Kanturu Ruins 2"
0	3	1	1	3	-1	165	1	-1	-1	-1	-1	1	1	1	1	1	1	1	1	1	1	1	1	1	1	-1	-1
1	5	-1	-1	-1	-1	-1	141	37	206	38	100	100	-1	-1	-1	-1	-1	-1	-1	-1	-1	-1	-1	-1	-1	-1
132	"Hunt Blade Hunter"
0	3	1	2	3	-1	165	1	-1	-1	-1	-1	1	1	1	1	1	1	1	1	1	1	1	1	1	1	-1	-1
1	2	354	-1	50	-1	-1	141	37	206	38	1900000	1000000	14	372	1	-1	-1	-1	-1	-1	-1	-1	-1	-1	-1	-1
133	"Hunt Berserker"
0	3	1	2	3	-1	165	1	-1	-1	-1	-1	1	1	1	1	1	1	1	1	1	1	1	1	1	1	-1	-1
1	2	350	-1	50	-1	-1	141	37	165	36	2000000	1000000	14	372	1	-1	-1	-1	-1	-1	-1	-1	-1	-1	-1	-1
134	"Hunt Kentauros"
0	3	1	2	3	-1	167	1	-1	-1	-1	-1	1	1	1	1	1	1	1	1	1	1	1	1	1	1	-1	-1
1	2	355	-1	50	-1	-1	141	37	115	59	2100000	1000000	14	372	1	-1	-1	-1	-1	-1	-1	-1	-1	-1	-1	-1
135	"Hunt Genocider"
0	3	1	2	3	-1	167	1	-1	-1	-1	-1	1	1	1	1	1	1	1	1	1	1	1	1	1	1	-1	-1
1	2	357	-1	50	-1	-1	141	37	60	45	2200000	1000000	14	372	1	-1	-1	-1	-1	-1	-1	-1	-1	-1	-1	-1
136	"Hunt Gigantis"
0	3	1	2	3	-1	167	1	-1	-1	-1	-1	1	1	1	1	1	1	1	1	1	1	1	1	1	1	-1	-1
1	2	356	-1	50	-1	-1	141	37	85	24	2300000	1000000	14	264	1	-1	-1	-1	-1	-1	-1	-1	-1	-1	-1	-1
137	"Kanturu Ruins Field Recommendations"
0	3	1	2	3	-1	167	1	-1	-1	-1	-1	1	1	1	1	1	1	1	1	1	1	1	1	1	1	-1	-1
1	2	354	-1	100	-1	-1	141	37	206	38	2500000	1500000	14	489	1	-1	-1	-1	-1	-1	-1	-1	-1	-1	-1	-1
138	"Reach Lv. 170"
0	3	1	1	3	-1	167	1	-1	-1	-1	-1	1	1	1	1	1	1	1	1	1	1	1	1	1	1	-1	-1
1	3	170	-1	-1	-1	-1	141	37	206	38	2600000	500000	-1	-1	-1	-1	-1	-1	-1	-1	-1	-1	-1	-1	-1	-1
139	"Kanturu Ruins Field Recommendations"																										
0	3	1	2	3	-1	170	1	-1	-1	-1	-1	1	1	1	1	1	1	1	1	1	1	1	1	1	1	-1	-1
1	2	354	-1	100	-1	-1	141	37	206	38	2700000	1500000	14	489	1	-1	-1	-1	-1	-1	-1	-1	-1	-1	-1	-1	
140	"Reach Lv. 180"																										
0	3	1	1	3	-1	175	1	-1	-1	-1	-1	1	1	1	1	1	1	1	1	1	1	1	1	1	1	-1	-1
1	3	180	-1	-1	-1	-1	141	37	206	38	2800000	500000	-1	-1	-1	-1	-1	-1	-1	-1	-1	-1	-1	-1	-1	-1	
141	"Kanturu Ruins Field Recommendations"																										
0	3	1	2	3	-1	180	1	-1	-1	-1	-1	1	1	1	1	1	1	1	1	1	1	1	1	1	1	-1	-1
1	2	354	-1	100	-1	-1	141	37	206	38	2900000	1500000	14	489	1	-1	-1	-1	-1	-1	-1	-1	-1	-1	-1	-1	
142	"Reach Lv. 190"																										
0	3	1	1	3	-1	185	1	-1	-1	-1	-1	1	1	1	1	1	1	1	1	1	1	1	1	1	1	-1	-1
1	3	190	-1	-1	-1	-1	141	37	206	38	3000000	500000	-1	-1	-1	-1	-1	-1	-1	-1	-1	-1	-1	-1	-1	-1	
143	"Kanturu Ruins Field Recommendations"																										
0	3	1	2	3	-1	190	1	-1	-1	-1	-1	1	1	1	1	1	1	1	1	1	1	1	1	1	1	-1	-1
1	2	354	-1	100	-1	-1	141	37	206	38	3100000	1500000	14	489	1	-1	-1	-1	-1	-1	-1	-1	-1	-1	-1	-1	
144	"Reach Lv. 200"																										
0	3	1	1	3	-1	195	1	-1	-1	-1	-1	1	1	1	1	1	1	1	1	1	1	1	1	1	1	-1	-1
1	3	200	-1	-1	-1	-1	141	37	206	38	3200000	500000	-1	-1	-1	-1	-1	-1	-1	-1	-1	-1	-1	-1	-1	-1	
145	"Kanturu Ruins Field Recommendations"																										
0	3	1	2	3	-1	200	1	-1	-1	-1	-1	1	1	1	1	1	1	1	1	1	1	1	1	1	1	-1	-1
1	2	354	-1	100	-1	-1	141	37	206	38	3300000	2000000	14	489	1	-1	-1	-1	-1	-1	-1	-1	-1	-1	-1	-1	
146	"Reach Lv. 210"																										
0	3	1	1	3	-1	205	1	-1	-1	-1	-1	1	1	1	1	1	1	1	1	1	1	1	1	1	1	-1	-1
1	3	210	-1	-1	-1	-1	119	33	140	21	3400000	500000	-1	-1	-1	-1	-1	-1	-1	-1	-1	-1	-1	-1	-1	-1	
147	"Kanturu Ruins Field Recommendations"																										
0	3	1	2	3	-1	210	1	-1	-1	-1	-1	1	1	1	1	1	1	1	1	1	1	1	1	1	1	-1	-1
1	2	354	-1	100	-1	-1	141	37	206	38	3500000	2000000	14	489	1	-1	-1	-1	-1	-1	-1	-1	-1	-1	-1	-1	
148	"Reach Lv. 220"																										
0	3	1	1	3	-1	210	1	-1	-1	-1	-1	1	1	1	1	1	1	1	1	1	1	1	1	1	1	-1	-1
1	3	220	-1	-1	-1	-1	141	37	206	38	3600000	500000	-1	-1	-1	-1	-1	-1	-1	-1	-1	-1	-1	-1	-1	-1	
149	"2nd Class Upgrade - Go to Devias Marlon 1"																										
0	3	1	1	3	-1	220	1	-1	-1	-1	-1	1	1	1	0	0	1	0	0	1	1	1	1	1	1	-1	-1
1	5	-1	-1	-1	-1	-1	22	2	198	47	100	100	-1	-1	-1	-1	-1	-1	-1	-1	-1	-1	-1	-1	-1	-1	
150	"2nd Class Upgrade - Go to Lorencia Marlon 2"																										
0	3	1	1	3	-1	220	1	-1	-1	-1	-1	1	1	1	0	0	1	0	0	1	1	1	1	1	1	-1	-1
1	5	-1	-1	-1	-1	-1	17	0	137	87	100	100	-1	-1	-1	-1	-1	-1	-1	-1	-1	-1	-1	-1	-1	-1	
151	"2nd Class Upgrade - Go to Noria Marlon 3"																										
0	3	1	1	3	-1	220	1	-1	-1	-1	-1	1	1	1	0	0	1	0	0	1	1	1	1	1	1	-1	-1
1	5	-1	-1	-1	-1	-1	27	3	169	89	100	100	-1	-1	-1	-1	-1	-1	-1	-1	-1	-1	-1	-1	-1	-1	
152	"2nd Class Upgrade - Go to Atlans Marlon 4"																										
0	3	1	1	3	-1	220	1	-1	-1	-1	-1	1	1	1	0	0	1	0	0	1	1	1	1	1	1	-1	-1
1	5	-1	-1	-1	-1	-1	49	7	17	25	100	100	-1	-1	-1	-1	-1	-1	-1	-1	-1	-1	-1	-1	-1	-1	
153	"Complete the 2nd Class Change Quest"																										
0	3	1	1	3	-1	220	1	-1	-1	-1	-1	1	1	1	0	0	1	0	0	1	1	1	1	1	1	-1	-1
1	4	2	-1	-1	-1	-1	22	2	198	47	3600000	500000	-1	-1	-1	-1	-1	-1	-1	-1	-1	-1	-1	-1	-1	-1	
154	"Kanturu Ruins Field Recommendations"																										
0	3	1	2	3	-1	220	1	-1	-1	-1	-1	1	1	1	1	1	1	1	1	1	1	1	1	1	1	-1	-1
1	2	354	-1	100	-1	-1	141	37	206	38	3700000	2000000	14	371	1	-1	-1	-1	-1	-1	-1	-1	-1	-1	-1	-1	
155	"Reach Lv. 230"																										
0	3	1	1	3	-1	220	1	-1	-1	-1	-1	1	1	1	1	1	1	1	1	1	1	1	1	1	1	-1	-1
1	3	230	-1	-1	-1	-1	141	37	206	38	3800000	500000	-1	-1	-1	-1	-1	-1	-1	-1	-1	-1	-1	-1	-1	-1	
156	"Kanturu Ruins Field Recommendations"																										
0	3	1	2	3	-1	230	1	-1	-1	-1	-1	1	1	1	1	1	1	1	1	1	1	1	1	1	1	-1	-1
1	2	354	-1	100	-1	-1	141	37	206	38	3900000	2000000	14	489	1	-1	-1	-1	-1	-1	-1	-1	-1	-1	-1	-1	
157	"Reach Lv. 240"																										
0	3	1	1	3	-1	230	1	-1	-1	-1	-1	1	1	1	1	1	1	1	1	1	1	1	1	1	1	-1	-1
1	3	240	-1	-1	-1	-1	141	37	206	38	4000000	500000	-1	-1	-1	-1	-1	-1	-1	-1	-1	-1	-1	-1	-1	-1	
158	"Kanturu Ruins Field Recommendations"																										
0	3	1	2	3	-1	240	1	-1	-1	-1	-1	1	1	1	1	1	1	1	1	1	1	1	1	1	1	-1	-1
1	2	354	-1	100	-1	-1	141	37	206	38	4100000	2000000	14	489	1	-1	-1	-1	-1	-1	-1	-1	-1	-1	-1	-1	
159	"Reach Lv. 250"																										
0	3	1	1	3	-1	240	1	-1	-1	-1	-1	1	1	1	1	1	1	1	1	1	1	1	1	1	1	-1	-1
1	3	250	-1	-1	-1	-1	141	37	206	38	4200000	500000	-1	-1	-1	-1	-1	-1	-1	-1	-1	-1	-1	-1	-1	-1	
160	"Kanturu Ruins Field Recommendations"																										
0	3	1	2	3	-1	250	1	-1	-1	-1	-1	1	1	1	1	1	1	1	1	1	1	1	1	1	1	-1	-1
1	2	354	-1	100	-1	-1	141	37	206	38	4300000	2000000	14	489	1	-1	-1	-1	-1	-1	-1	-1	-1	-1	-1	-1	
161	"Reach Lv. 260"																										
0	3	1	1	3	-1	250	1	-1	-1	-1	-1	1	1	1	1	1	1	1	1	1	1	1	1	1	1	-1	-1
1	3	260	-1	-1	-1	-1	141	37	206	38	4400000	500000	-1	-1	-1	-1	-1	-1	-1	-1	-1	-1	-1	-1	-1	-1	
162	"Kanturu Ruins Field Recommendations"																										
0	3	1	2	3	-1	260	1	-1	-1	-1	-1	1	1	1	1	1	1	1	1	1	1	1	1	1	1	-1	-1
1	2	354	-1	100	-1	-1	141	37	206	38	4500000	2500000	14	489	1	-1	-1	-1	-1	-1	-1	-1	-1	-1	-1	-1	
163	"Reach Lv. 270"																										
0	3	1	1	3	-1	260	1	-1	-1	-1	-1	1	1	1	1	1	1	1	1	1	1	1	1	1	1	-1	-1
1	3	270	-1	-1	-1	-1	141	37	206	38	4600000	500000	-1	-1	-1	-1	-1	-1	-1	-1	-1	-1	-1	-1	-1	-1	
164	"Kanturu Ruins Field Recommendations"																										
0	3	1	2	3	-1	270	1	-1	-1	-1	-1	1	1	1	1	1	1	1	1	1	1	1	1	1	1	-1	-1
1	2	354	-1	100	-1	-1	141	37	206	38	4700000	2500000	14	489	1	-1	-1	-1	-1	-1	-1	-1	-1	-1	-1	-1	
165	"Reach Lv. 280"																										
0	3	1	1	3	-1	270	1	-1	-1	-1	-1	1	1	1	1	1	1	1	1	1	1	1	1	1	1	-1	-1
1	3	280	-1	-1	-1	-1	141	37	206	38	4800000	500000	-1	-1	-1	-1	-1	-1	-1	-1	-1	-1	-1	-1	-1	-1	
166	"Go to Karutan"																										
0	3	1	1	3	-1	280	1	-1	-1	-1	-1	1	1	1	1	1	1	1	1	1	1	1	1	1	1	-1	-1
1	5	-1	-1	-1	-1	-1	335	80	137	94	100	100	-1	-1	-1	-1	-1	-1	-1	-1	-1	-1	-1	-1	-1	-1	
167	"Hunt Venomous Chain Scorpion"																										
0	3	1	2	3	-1	280	1	-1	-1	-1	-1	1	1	1	1	1	1	1	1	1	1	1	1	1	1	-1	-1
1	2	569	-1	50	-1	-1	335	80	143	74	5000000	2000000	14	264	1	-1	-1	-1	-1	-1	-1	-1	-1	-1	-1	-1	
168	"Hunt Bone Scorpion"																										
0	3	1	2	3	-1	280	1	-1	-1	-1	-1	1	1	1	1	1	1	1	1	1	1	1	1	1	1	-1	-1
1	2	570	-1	50	-1	-1	335	80	183	108	5500000	2000000	14	264	1	-1	-1	-1	-1	-1	-1	-1	-1	-1	-1	-1	
169	"Hunt Orcus"																										
0	3	1	2	3	-1	280	1	-1	-1	-1	-1	1	1	1	1	1	1	1	1	1	1	1	1	1	1	-1	-1
1	2	571	-1	50	-1	-1	335	80	191	155	6000000	2000000	14	264	1	-1	-1	-1	-1	-1	-1	-1	-1	-1	-1	-1	
170	"Hunt Crypos"																										
0	3	1	2	3	-1	280	1	-1	-1	-1	-1	1	1	1	1	1	1	1	1	1	1	1	1	1	1	-1	-1
1	2	574	-1	50	-1	-1	335	80	70	174	6500000	2000000	14	402	1	-1	-1	-1	-1	-1	-1	-1	-1	-1	-1	-1	
171	"Hunt Crypta"																										
0	3	1	2	3	-1	280	1	-1	-1	-1	-1	1	1	1	1	1	1	1	1	1	1	1	1	1	1	-1	-1
1	2	573	-1	50	-1	-1	335	80	35	132	7000000	2000000	14	402	1	-1	-1	-1	-1	-1	-1	-1	-1	-1	-1	-1	
172	"Kanturu Ruins Field Recommendations"																										
0	3	1	2	3	-1	285	1	-1	-1	-1	-1	1	1	1	1	1	1	1	1	1	1	1	1	1	1	-1	-1
1	2	354	-1	100	-1	-1	141	37	206	38	7500000	3000000	14	264	1	-1	-1	-1	-1	-1	-1	-1	-1	-1	-1	-1	
173	"Reach Lv. 290"																										
0	3	1	1	3	-1	285	1	-1	-1	-1	-1	1	1	1	1	1	1	1	1	1	1	1	1	1	1	-1	-1
1	3	290	-1	-1	-1	-1	141	37	206	38	8000000	1000000	-1	-1	-1	-1	-1	-1	-1	-1	-1	-1	-1	-1	-1	-1	
174	"Kanturu Ruins Field Recommendations"																										
0	3	1	2	3	-1	290	1	-1	-1	-1	-1	1	1	1	1	1	1	1	1	1	1	1	1	1	1	-1	-1
1	2	354	-1	100	-1	-1	141	37	206	38	8500000	3000000	14	264	1	-1	-1	-1	-1	-1	-1	-1	-1	-1	-1	-1	
175	"Reach Lv. 300"																										
0	3	1	1	3	-1	290	1	-1	-1	-1	-1	1	1	1	1	1	1	1	1	1	1	1	1	1	1	-1	-1
1	3	300	-1	-1	-1	-1	141	37	206	38	9000000	1000000	-1	-1	-1	-1	-1	-1	-1	-1	-1	-1	-1	-1	-1	-1	
176	"Go to Acheron"																										
0	3	1	1	3	-1	300	1	-1	-1	-1	-1	1	1	1	1	1	1	1	1	1	1	1	1	1	1	-1	-1
1	5	-1	-1	-1	-1	-1	417	91	53	190	100	100	-1	-1	-1	-1	-1	-1	-1	-1	-1	-1	-1	-1	-1	-1	
177	"Acheron Hunting Grounds Recommendations"																										
0	3	1	2	3	-1	300	1	-1	-1	-1	-1	1	1	1	1	1	1	1	1	1	1	1	1	1	1	-1	-1
1	2	589	-1	200	-1	-1	423	91	169	214	9500000	4000000	14	224	1	-1	-1	-1	-1	-1	-1	-1	-1	-1	-1	-1	
178	"Reach Lv. 320"																										
0	3	1	1	3	-1	300	1	-1	-1	-1	-1	1	1	1	1	1	1	1	1	1	1	1	1	1	1	-1	-1
1	3	320	-1	-1	-1	-1	423	91	169	214	10000000	1000000	-1	-1	-1	-1	-1	-1	-1	-1	-1	-1	-1	-1	-1	-1	
179	"Acheron Hunting Grounds Recommendations"																										
0	3	1	2	3	-1	320	1	-1	-1	-1	-1	1	1	1	1	1	1	1	1	1	1	1	1	1	1	-1	-1
1	2	589	-1	200	-1	-1	423	91	169	214	10500000	4000000	14	224	1	-1	-1	-1	-1	-1	-1	-1	-1	-1	-1	-1	
180	"Reach Lv. 340"																										
0	3	1	1	3	-1	320	1	-1	-1	-1	-1	1	1	1	1	1	1	1	1	1	1	1	1	1	1	-1	-1
1	3	340	-1	-1	-1	-1	423	91	169	214	11000000	1000000	-1	-1	-1	-1	-1	-1	-1	-1	-1	-1	-1	-1	-1	-1	
181	"Acheron Hunting Grounds Recommendations"																										
0	3	1	2	3	-1	340	1	-1	-1	-1	-1	1	1	1	1	1	1	1	1	1	1	1	1	1	1	-1	-1
1	2	589	-1	200	-1	-1	423	91	169	214	11500000	4000000	14	224	1	-1	-1	-1	-1	-1	-1	-1	-1	-1	-1	-1	
182	"Reach Lv. 360"																										
0	3	1	1	3	-1	340	1	-1	-1	-1	-1	1	1	1	1	1	1	1	1	1	1	1	1	1	1	-1	-1
1	3	360	-1	-1	-1	-1	423	91	169	214	12000000	1000000	-1	-1	-1	-1	-1	-1	-1	-1	-1	-1	-1	-1	-1	-1	
183	"Acheron Hunting Grounds Recommendations"																										
0	3	1	2	3	-1	360	1	-1	-1	-1	-1	1	1	1	1	1	1	1	1	1	1	1	1	1	1	-1	-1
1	2	714	-1	200	-1	-1	488	110	221	167	12500000	4000000	14	224	1	-1	-1	-1	-1	-1	-1	-1	-1	-1	-1	-1	
184	"Reach Lv. 380"																										
0	4	1	1	3	-1	360	1	-1	-1	-1	-1	1	1	1	1	1	1	1	1	1	1	1	1	1	1	-1	-1
1	3	380	-1	-1	-1	-1	488	110	221	167	13000000	1000000	-1	-1	-1	-1	-1	-1	-1	-1	-1	-1	-1	-1	-1	-1	
185	"100 Phuong hoang"																										
0	4	1	2	3	-1	380	1	-1	-1	-1	-1	1	1	1	1	1	1	1	1	1	1	1	1	1	1	-1	-1
1	2	77	-1	100	-1	-1	160	10	34	238	100000000	100000000	13	14	1	-1	-1	-1	-1	-1	-1	-1	-1	-1	-1	-1	
186	"100 Doi lua"																										
0	4	1	2	3	-1	380	1	-1	-1	-1	-1	1	1	1	1	1	1	1	1	1	1	1	1	1	1	-1	-1
1	2	63	-1	100	-1	-1	77	8	112	203	100000000	100000000	14	52	1	-1	-1	-1	-1	-1	-1	-1	-1	-1	-1	-1	
187	"100 Quy vuong"																										
0	4	1	2	3	-1	380	1	-1	-1	-1	-1	1	1	1	1	1	1	1	1	1	1	1	1	1	1	-1	-1
1	2	309	-1	100	-1	-1	140	33	122	51	100000000	100000000	12	405	5	-1	-1	-1	-1	-1	-1	-1	-1	-1	-1	-1	
188	"100 tho ngoc"																										
0	4	1	2	3	-1	380	1	-1	-1	-1	-1	1	1	1	1	1	1	1	1	1	1	1	1	1	1	-1	-1
1	2	674	-1	100	-1	-1	138	37	44	222	100000000	100000000	14	52	1	-1	-1	-1	-1	-1	-1	-1	-1	-1	-1	-1	
189	"100 hung than thep"																										
0	4	1	2	3	-1	380	1	-1	-1	-1	-1	1	1	1	1	1	1	1	1	1	1	1	1	1	1	-1	-1
1	2	337	-1	100	-1	-1	17	0	133	127	100000000	100000000	14	178	1	-1	-1	-1	-1	-1	-1	-1	-1	-1	-1	-1	
190	"20 phu thuy trang"																										
0	4	1	2	3	-1	380	1	-1	-1	-1	-1	1	1	1	1	1	1	1	1	1	1	1	1	1	1	-1	-1
1	2	135	-1	20	-1	-1	17	0	133	127	100000000	100000000	14	52	1	-1	-1	-1	-1	-1	-1	-1	-1	-1	-1	-1	
191	"20 rong do"																										
0	4	1	2	3	-1	385	1	-1	-1	-1	-1	1	1	1	1	1	1	1	1	1	1	1	1	1	1	-1	-1
1	2	44	-1	20	-1	-1	17	0	133	127	100000000	100000000	14	52	1	-1	-1	-1	-1	-1	-1	-1	-1	-1	-1	-1	
192	"25 tay trai maya"																										
0	4	1	2	3	-1	385	1	-1	-1	-1	-1	1	1	1	1	1	1	1	1	1	1	1	1	1	1	-1	-1
1	2	362	-1	25	-1	-1	139	38	94	105	100000000	100000000	14	52	1	-1	-1	-1	-1	-1	-1	-1	-1	-1	-1	-1	
193	"25 tay phai maya"																										
0	4	1	2	3	-1	385	1	-1	-1	-1	-1	1	1	1	1	1	1	1	1	1	1	1	1	1	1	-1	-1
1	2	363	-1	25	-1	-1	139	38	94	105	100000000	100000000	14	52	1	-1	-1	-1	-1	-1	-1	-1	-1	-1	-1	-1	
194	"5 Boss Nightmare"																										
0	4	1	2	3	-1	385	1	-1	-1	-1	-1	1	1	1	1	1	1	1	1	1	1	1	1	1	1	-1	-1
1	2	361	-1	5	-1	-1	139	38	94	105	100000000	100000000	14	442	1	-1	-1	-1	-1	-1	-1	-1	-1	-1	-1	-1	
195	"5 Boss Kundun"																									
0	4	1	2	3	-1	385	1	-1	-1	-1	-1	1	1	1	1	1	1	1	1	1	1	1	1	1	1	-1	-1
1	2	275	-1	5	-1	-1	17	0	133	127	100000000	100000000	14	443	1	-1	-1	-1	-1	-1	-1	-1	-1	-1	-1	-1	
196	"Complete the 3rd Class Change Quest"																										
0	4	1	1	3	-1	400	1	-1	-1	-1	-1	1	1	1	1	1	1	1	1	1	1	1	1	1	1	-1	-1
1	4	6	-1	-1	-1	-1	118	34	228	47	2200000	100000	-1	-1	-1	-1	-1	-1	-1	-1	-1	-1	-1	-1	-1	-1	
end																											
