			
0	"Vũ khí Vật Lý"
0					
-1	-1	1000000	1	
end					
1					
0	14	96
1	0	19
2	4	18
3	0	113
4	0	60
5	2	13
6	3	11
7	3	26
8	0	76
9	4	24
10	2	18
end					
end					
1	"Vũ khí Phép"				
0					
-1	-1	1000000	1	
end					
1					
0	14	96
1	5	10
2	4	46
3	5	36
4	5	93
5	5	33
6	5	13
7	5	83
8	5	98
9	4	43
10	5	7
end					
end									
2	"Trang Sức"				
0					
14	13	1	1	
end					
1					
0	12	457
1	12	449
2	20	125
3	14	224
4	13	13
5	14	12
6	13	8
7	13	9
8	13	25
9	13	21
10	14	42
end
end					
3	"Thú Cưỡi"				
0					
14	14	1	1	
end					
1					
0	14	477
1	14	466
2	14	467
3	14	468
4	14	224
5	14	16
6	14	22
7	12	15
8	14	42
9	14	31
10	14	42
end
end