0			
1	"2023-04-25 08:30"	"2023-06-01 08:30"	
2	"2023-06-01 08:30"	"2023-06-29 08:30"	
3	"2023-07-06 08:30"	"2023-08-03 08:30"		
4	"2023-08-03 08:30"	"2023-08-31 08:30"		
5	"2023-09-07 08:30"	"2023-10-05 08:30"		
6	"2023-10-05 08:30"	"2023-11-02 08:30"		
7	"2023-11-02 08:30"	"2023-11-30 08:30"		
8	"2023-12-07 08:30"	"2024-01-04 08:30"
end			
1			
1	100		
2	300		
3	600		
4	900		
5	1200		
6	1500		
7	1800		
8	2100		
9	2400		
10	2700		
11	3000		
12	3300		
13	3600		
14	3900		
15	4200		
16	4500		
17	4800		
18	5100		
19	5500		
20	6000		
end			
2			
0	5	2160	10
1	5	1700	7
2	5	100000	5
3	5	15	3
4	7	6	3
5	7	1	1
6	10	1	1
7	7	5	1
8	7	1	1
9	5	1	1
10	5	3	1
11	15	1	1
12	15	1	1
13	5	1	3
14	10	1	1
15	10	1000000	1
16	10	1	1
17	10	1	1
18	10	1	1
19	50	1	1
20	10	1	1
21	10	1	1
22	10	1	1
23	5	3	1
24	5	1	1
end			
3			
0	10	21600	2
end			
